nuevo,recuperado,muerte,fecha,cum_nuevo,cum_recuperado,cum_muerte
2,0,0,03/03/2020,2,0,0
1,0,0,04/03/2020,3,0,0
1,0,0,05/03/2020,4,0,0
1,0,0,06/03/2020,5,0,0
2,0,0,07/03/2020,7,0,0
3,0,0,08/03/2020,10,0,0
3,0,0,09/03/2020,13,0,0
4,0,0,10/03/2020,17,0,0
6,0,0,11/03/2020,23,0,0
10,0,0,12/03/2020,33,0,0
10,0,0,13/03/2020,43,0,0
18,0,0,14/03/2020,61,0,0
14,0,0,15/03/2020,75,0,0
81,0,0,16/03/2020,156,0,0
45,0,0,17/03/2020,201,0,0
37,0,0,18/03/2020,238,0,0
104,5,0,19/03/2020,342,5,0
92,1,0,20/03/2020,434,6,0
103,2,1,21/03/2020,537,8,1
95,0,0,22/03/2020,632,8,1
114,3,0,23/03/2020,746,11,1
176,6,1,24/03/2020,922,17,2
220,5,1,25/03/2020,1142,22,3
164,11,1,26/03/2020,1306,33,4
304,10,1,27/03/2020,1610,43,5
299,18,1,28/03/2020,1909,61,6
230,14,1,29/03/2020,2139,75,7
310,81,1,30/03/2020,2449,156,8
289,0,4,31/03/2020,2738,156,12
293,78,4,01/04/2020,3031,234,16
373,101,2,02/04/2020,3404,335,18
333,92,4,03/04/2020,3737,427,22
424,101,5,04/04/2020,4161,528,27
310,70,7,05/04/2020,4471,598,34
344,130,3,06/04/2020,4815,728,37
301,170,6,07/04/2020,5116,898,43
430,217,5,08/04/2020,5546,1115,48
426,159,9,09/04/2020,5972,1274,57
529,297,8,10/04/2020,6501,1571,65
426,293,8,11/04/2020,6927,1864,73
286,195,7,12/04/2020,7213,2059,80
312,308,2,13/04/2020,7525,2367,82
392,279,10,14/04/2020,7917,2646,92
356,291,2,15/04/2020,8273,2937,94
534,362,11,16/04/2020,8807,3299,105
445,322,11,17/04/2020,9252,3621,116
478,414,10,18/04/2020,9730,4035,126
358,303,7,19/04/2020,10088,4338,133
419,338,6,20/04/2020,10507,4676,139
325,293,8,21/04/2020,10832,4969,147
464,417,13,22/04/2020,11296,5386,160
516,418,8,23/04/2020,11812,5804,168
494,523,6,24/04/2020,12306,6327,174
552,419,7,25/04/2020,12858,6746,181
473,278,8,26/04/2020,13331,7024,189
482,303,9,27/04/2020,13813,7327,198
552,383,9,28/04/2020,14365,7710,207
770,347,9,29/04/2020,15135,8057,216
888,523,11,30/04/2020,16023,8580,227
985,438,7,01/05/2020,17008,9018,234
1427,554,13,02/05/2020,18435,9572,247
1228,469,13,03/05/2020,19663,10041,260
980,374,10,04/05/2020,20643,10415,270
1373,295,5,05/05/2020,22016,10710,275
1032,479,6,06/05/2020,23048,11189,281
1533,475,4,07/05/2020,24581,11664,285
1391,496,9,08/05/2020,25972,12160,294
1247,507,10,09/05/2020,27219,12667,304
1647,445,8,10/05/2020,28866,13112,312
1197,493,11,11/05/2020,30063,13605,323
1658,520,12,12/05/2020,31721,14125,335
2660,740,11,13/05/2020,34381,14865,346
2659,790,22,14/05/2020,37040,15655,368
2502,959,26,15/05/2020,39542,16614,394
1886,1400,27,16/05/2020,41428,18014,421
2353,1199,29,17/05/2020,43781,19213,450
2278,952,28,18/05/2020,46059,20165,478
